team season day ones twos threes fours fives teampower chance id territory territory_power
12 1 1 0 0 0 0 0 0 1 405 36 0
43 1 1 3 0 0 0 0 3 0.5 406 37 6
45 1 1 0 0 1 0 0 3 0.5 407 37 6
12 1 1 0 0 0 0 0 0 0 408 37 6
13 1 1 0 0 0 0 0 0 1 409 38 0
13 1 1 0 0 0 0 0 0 1 410 39 0
13 1 1 0 0 0 0 0 0 1 411 40 0
14 1 1 0 0 0 0 0 0 0 412 41 3
13 1 1 0 0 1 0 0 3 1 413 41 3
14 1 1 0 0 0 0 0 0 0 414 42 4
29 1 1 0 2 0 0 0 4 1 415 42 4
14 1 1 0 0 0 0 0 0 0 416 43 3
30 1 1 0 0 1 0 0 3 1 417 43 3
15 1 1 0 1 0 0 0 3 1 418 44 3
15 1 1 0 0 0 0 0 0 1 419 45 0
15 1 1 1 0 0 0 0 1.5 1 420 46 1.5
16 1 1 0 0 0 0 0 0 0 421 47 1
22 1 1 1 0 0 0 0 1 1 422 47 1
16 1 1 0 0 0 0 0 0 0 423 48 3
29 1 1 0 0 1 0 0 3 1 424 48 3
29 1 1 0 1 1 0 0 5 0.7142857142857143 425 49 7
42 1 1 0 1 0 0 0 2 0.2857142857142857 426 49 7
16 1 1 0 0 0 0 0 0 0 427 49 7
17 1 1 0 0 0 0 0 0 1 428 50 0
17 1 1 0 0 0 0 0 0 0 429 51 2
18 1 1 0 1 0 0 0 2 1 430 51 2
36 1 1 1 0 0 0 0 1 0.25 431 52 4
3 1 1 0 0 1 0 0 3 0.75 432 52 4
17 1 1 0 0 0 0 0 0 0 433 52 4
18 1 1 0 0 0 0 0 0 1 434 53 0
18 1 1 0 0 0 0 0 0 1 435 54 0
18 1 1 0 1 0 0 0 3 1 436 55 3
19 1 1 0 0 0 0 0 0 1 437 56 0
19 1 1 0 1 0 1 0 9 1 438 57 9
19 1 1 0 0 0 0 0 0 0 439 58 1
43 1 1 1 0 0 0 0 1 1 440 58 1
20 1 1 0 3 0 0 0 9 1 441 59 9
20 1 1 0 1 0 0 0 3 0.375 442 60 8
30 1 1 1 2 0 0 0 5 0.625 443 60 8
20 1 1 0 0 0 0 0 0 1 444 61 0
21 1 1 0 0 0 0 0 0 1 445 62 0
21 1 1 0 0 0 0 0 0 1 446 63 0
21 1 1 0 0 0 0 0 0 0 447 64 2
20 1 1 0 1 0 0 0 2 1 448 64 2
44 1 1 0 0 0 1 0 4 0.5714285714285714 449 65 7
20 1 1 0 1 0 0 0 3 0.42857142857142855 450 65 7
22 1 1 0 0 0 0 0 0 0 451 65 7
22 1 1 0 0 0 0 0 0 1 452 66 0
1 1 1 2 2 0 0 0 6 0.6666666666666666 453 67 9
18 1 1 0 0 1 0 0 3 0.3333333333333333 454 67 9
22 1 1 0 0 0 0 0 0 0 455 67 9
23 1 1 0 0 0 0 0 0 0 456 68 2
2 1 1 0 1 0 0 0 2 1 457 68 2
23 1 1 0 0 0 0 0 0 0 458 69 2
2 1 1 0 1 0 0 0 2 1 459 69 2
23 1 1 0 0 0 0 0 0 0 460 70 1
7 1 1 1 0 0 0 0 1 1 461 70 1
24 1 1 0 0 0 0 0 0 0 462 71 1
35 1 1 1 0 0 0 0 1 1 463 71 1
24 1 1 0 0 0 0 0 0 1 464 72 0
24 1 1 0 0 0 0 0 0 0 465 73 2
34 1 1 0 1 0 0 0 2 1 466 73 2
25 1 1 0 0 0 0 0 0 1 467 74 0
25 1 1 0 0 0 0 0 0 1 468 75 0
25 1 1 0 0 0 0 0 0 1 469 76 0
26 1 1 0 0 0 0 0 0 0 470 77 1
25 1 1 1 0 0 0 0 1 1 471 77 1
26 1 1 0 0 0 0 0 0 0 472 78 2
15 1 1 0 1 0 0 0 2 1 473 78 2
26 1 1 0 0 0 0 0 0 0 474 79 3
28 1 1 0 0 1 0 0 3 1 475 79 3
3 1 1 4 4 1 0 0 15 0.8823529411764706 476 80 17
37 1 1 0 1 0 0 0 2 0.11764705882352941 477 80 17
27 1 1 0 0 0 0 0 0 0 478 80 17
3 1 1 2 1 0 0 0 4 0.8 479 81 5
37 1 1 1 0 0 0 0 1 0.2 480 81 5
27 1 1 0 0 0 0 0 0 0 481 81 5
27 1 1 0 0 0 0 0 0 0 482 82 2
28 1 1 0 1 0 0 0 2 1 483 82 2
5 1 1 0 1 0 0 0 2 0.6666666666666666 484 83 3
3 1 1 1 0 0 0 0 1 0.3333333333333333 485 83 3
28 1 1 0 0 0 0 0 0 0 486 83 3
28 1 1 0 0 0 0 0 0 1 487 84 0
28 1 1 0 0 0 0 0 0 1 488 85 0
29 1 1 0 1 0 0 0 3 1 489 86 3
29 1 1 1 0 0 0 0 1.5 1 490 87 1.5
29 1 1 0 2 0 0 0 6 1 491 88 6
30 1 1 0 0 0 0 0 0 0 492 89 1
31 1 1 1 0 0 0 0 1 1 493 89 1
30 1 1 1 1 0 0 0 4.5 0.6923076923076923 494 90 6.5
29 1 1 0 1 0 0 0 2 0.3076923076923077 495 90 6.5
30 1 1 0 0 0 0 0 0 1 496 91 0
31 1 1 0 0 0 0 0 0 0 497 92 4
30 1 1 0 2 0 0 0 4 1 498 92 4
29 1 1 1 1 1 0 0 6 0.6666666666666666 499 93 9
30 1 1 1 1 0 0 0 3 0.3333333333333333 500 93 9
31 1 1 0 0 0 0 0 0 0 501 93 9
31 1 1 0 0 0 0 0 0 0 502 94 2
32 1 1 0 1 0 0 0 2 1 503 94 2
3 1 1 0 2 0 0 0 4 0.5714285714285714 504 95 7
15 1 1 1 1 0 0 0 3 0.42857142857142855 505 95 7
32 1 1 0 0 0 0 0 0 0 506 95 7
32 1 1 0 0 0 0 0 0 1 507 96 0
32 1 1 0 0 0 0 0 0 0 508 97 2
43 1 1 0 1 0 0 0 2 1 509 97 2
33 1 1 0 0 0 0 0 0 0 510 98 5
32 1 1 0 1 1 0 0 5 1 511 98 5
33 1 1 0 0 0 0 0 0 1 512 99 0
33 1 1 0 0 0 0 0 0 0 513 100 8
29 1 1 1 0 1 1 0 8 1 514 100 8
34 1 1 0 0 0 0 0 0 0 515 101 4
28 1 1 0 0 0 1 0 4 1 516 101 4
34 1 1 2 0 0 0 0 3 1 517 102 3
11 1 1 0 1 0 0 0 2 0.6666666666666666 518 103 3
10 1 1 1 0 0 0 0 1 0.3333333333333333 519 103 3
34 1 1 0 0 0 0 0 0 0 520 103 3
35 1 1 0 0 0 0 0 0 0 521 104 2
34 1 1 0 1 0 0 0 2 1 522 104 2
42 1 1 0 2 0 0 0 4 0.5714285714285714 523 105 7
10 1 1 1 0 0 0 0 1 0.14285714285714285 524 105 7
11 1 1 0 1 0 0 0 2 0.2857142857142857 525 105 7
35 1 1 0 0 0 0 0 0 0 526 105 7
35 1 1 0 0 0 0 0 0 1 527 106 0
36 1 1 0 0 0 0 0 0 1 528 107 0
36 1 1 0 0 0 0 0 0 1 529 108 0
36 1 1 0 0 0 0 0 0 0 530 109 21
3 1 1 5 5 2 0 0 21 1 531 109 21
37 1 1 0 0 0 0 0 0 1 532 110 0
37 1 1 0 0 0 0 0 0 0 533 111 4
32 1 1 0 0 0 1 0 4 1 534 111 4
37 1 1 0 0 0 0 0 0 0 535 112 2
38 1 1 0 1 0 0 0 2 1 536 112 2
38 1 1 1 0 0 0 0 1.5 1 537 113 1.5
38 1 1 0 0 0 0 0 0 0 538 114 3
39 1 1 0 0 1 0 0 3 1 539 114 3
38 1 1 1 1 0 0 0 4.5 0.6923076923076923 540 115 6.5
39 1 1 0 1 0 0 0 2 0.3076923076923077 541 115 6.5
39 1 1 0 0 0 0 0 0 0 542 116 5
38 1 1 0 1 1 0 0 5 1 543 116 5
39 1 1 0 0 0 0 0 0 1 544 117 0
39 1 1 0 0 1 0 0 4.5 1 545 118 4.5
18 1 1 1 1 0 0 0 3 0.42857142857142855 546 119 7
36 1 1 0 1 0 0 0 2 0.2857142857142857 547 119 7
39 1 1 0 1 0 0 0 2 0.2857142857142857 548 119 7
40 1 1 0 0 0 0 0 0 0 549 119 7
40 1 1 0 0 0 0 0 0 1 550 120 0
40 1 1 0 0 0 0 0 0 1 551 121 0
41 1 1 0 0 0 0 0 0 0 552 122 2
3 1 1 0 1 0 0 0 2 1 553 122 2
41 1 1 0 0 0 0 0 0 0 554 123 4
7 1 1 0 0 0 1 0 4 1 555 123 4
41 1 1 0 0 0 0 0 0 0 556 124 3
3 1 1 0 0 1 0 0 3 1 557 124 3
42 1 1 0 0 0 0 0 0 1 558 125 0
42 1 1 0 0 0 0 0 0 0 559 126 1
43 1 1 1 0 0 0 0 1 1 560 126 1
42 1 1 0 0 0 0 0 0 1 561 127 0
43 1 1 0 1 0 0 0 3 1 562 128 3
32 1 1 0 1 0 0 0 2 0.5714285714285714 563 129 3.5
43 1 1 1 0 0 0 0 1.5 0.42857142857142855 564 129 3.5
29 1 1 0 3 0 0 0 6 0.6 565 130 10
33 1 1 0 1 0 0 0 2 0.2 566 130 10
19 1 1 0 1 0 0 0 2 0.2 567 130 10
43 1 1 0 0 0 0 0 0 0 568 130 10
44 1 1 0 0 0 0 0 0 1 569 131 0
44 1 1 0 0 0 0 0 0 0 570 132 2
22 1 1 0 1 0 0 0 2 1 571 132 2
46 1 1 0 0 0 0 0 0 1 572 1 0
1 1 1 0 0 0 0 0 0 1 573 2 0
1 1 1 0 0 0 0 0 0 0 574 3 1
2 1 1 1 0 0 0 0 1 1 575 3 1
1 1 1 1 0 0 0 0 1.5 0.2727272727272727 576 4 5.5
11 1 1 0 1 0 0 0 2 0.36363636363636365 577 4 5.5
2 1 1 0 1 0 0 0 2 0.36363636363636365 578 4 5.5
1 1 1 2 3 0 0 0 8 0.7272727272727273 579 5 11
2 1 1 0 1 0 0 0 3 0.2727272727272727 580 5 11
2 1 1 0 0 0 0 0 0 0 581 6 9
1 1 1 3 3 0 0 0 9 1 582 6 9
2 1 1 0 0 0 0 0 0 1 583 7 0
32 1 1 0 1 0 0 0 2 0.16 584 8 12.5
3 1 1 1 3 0 0 0 10.5 0.84 585 8 12.5
3 1 1 0 0 0 0 0 0 0 586 9 3
41 1 1 0 1 0 0 0 3 1 587 9 3
27 1 1 0 0 1 0 0 3 0.42857142857142855 588 10 7
3 1 1 0 1 0 0 0 3 0.42857142857142855 589 10 7
1 1 1 1 0 0 0 0 1 0.14285714285714285 590 10 7
4 1 1 0 0 0 0 0 0 0 591 11 2
5 1 1 0 1 0 0 0 2 1 592 11 2
4 1 1 0 0 0 0 0 0 1 593 12 0
4 1 1 0 0 0 0 0 0 1 594 13 0
5 1 1 0 0 0 0 0 0 0 595 14 3
4 1 1 0 0 1 0 0 3 1 596 14 3
5 1 1 0 0 0 0 0 0 1 597 15 0
5 1 1 0 0 0 0 0 0 1 598 16 0
6 1 1 0 0 0 0 0 0 1 599 17 0
6 1 1 0 0 0 0 0 0 1 600 18 0
26 1 1 0 1 0 1 0 6 0.8571428571428571 601 19 7
23 1 1 1 0 0 0 0 1 0.14285714285714285 602 19 7
6 1 1 0 0 0 0 0 0 0 603 19 7
7 1 1 0 0 0 0 0 0 1 604 20 0
7 1 1 0 0 0 0 0 0 1 605 21 0
7 1 1 0 0 0 0 0 0 0 606 22 3
28 1 1 0 0 1 0 0 3 1 607 22 3
7 1 1 0 1 0 0 0 2 0.5 608 23 4
19 1 1 0 1 0 0 0 2 0.5 609 23 4
8 1 1 0 0 0 0 0 0 0 610 23 4
1 1 1 0 0 1 0 0 3 0.42857142857142855 611 24 7
10 1 1 0 2 0 0 0 4 0.5714285714285714 612 24 7
8 1 1 0 0 0 0 0 0 0 613 24 7
8 1 1 0 0 0 0 0 0 0 614 25 5
9 1 1 0 1 1 0 0 5 1 615 25 5
9 1 1 0 0 0 0 0 0 1 616 26 0
9 1 1 0 0 0 0 0 0 0 617 27 2
10 1 1 0 1 0 0 0 2 1 618 27 2
9 1 1 0 0 0 0 0 0 0 619 28 13
10 1 1 0 5 1 0 0 13 1 620 28 13
10 1 1 1 2 0 0 0 7.5 0.6521739130434783 621 29 11.5
11 1 1 2 1 0 0 0 4 0.34782608695652173 622 29 11.5
10 1 1 0 3 0 0 0 9 1 623 30 9
10 1 1 0 0 0 0 0 0 0 624 31 5
11 1 1 0 1 1 0 0 5 1 625 31 5
11 1 1 0 0 0 0 0 0 0 626 32 12
1 1 1 4 4 0 0 0 12 1 627 32 12
11 1 1 0 0 0 0 0 0 0 628 33 2
10 1 1 0 1 0 0 0 2 1 629 33 2
11 1 1 0 1 0 0 0 3 0.375 630 34 8
10 1 1 0 1 1 0 0 5 0.625 631 34 8
12 1 1 0 0 0 0 0 0 0 632 35 1
26 1 1 1 0 0 0 0 1 1 633 35 1
44 1 1 0 0 0 0 0 0 0 634 133 5
45 1 1 0 1 1 0 0 5 1 635 133 5
43 1 1 1 0 0 0 0 1 0.25 636 134 4
45 1 1 0 1 0 0 0 3 0.75 637 134 4
45 1 1 0 0 0 0 0 0 1 638 135 0
45 1 1 1 0 0 0 0 1.5 1 639 136 1.5
46 1 1 0 0 0 0 0 0 0 640 137 2
45 1 1 0 1 0 0 0 2 1 641 137 2
46 1 1 0 0 0 0 0 0 1 642 138 0
46 1 1 0 0 0 0 0 0 0 643 139 3
19 1 1 1 1 0 0 0 3 1 644 139 3
46 1 1 0 0 0 0 0 0 1 645 140 0
46 1 1 0 0 0 0 0 0 1 646 141 0
46 1 1 0 0 0 0 0 0 1 647 142 0
46 1 1 0 0 0 0 0 0 1 648 143 0
46 1 1 0 0 0 0 0 0 0 649 144 4
45 1 1 0 2 0 0 0 4 1 650 144 4
46 1 1 0 0 0 0 0 0 1 651 145 0
46 1 1 0 0 0 0 0 0 1 652 146 0
46 1 1 0 0 0 0 0 0 1 653 147 0
46 1 1 0 0 0 0 0 0 1 654 148 0
46 1 1 0 0 0 0 0 0 1 655 149 0
46 1 1 0 0 0 0 0 0 1 656 150 0
46 1 1 0 0 0 0 0 0 1 657 151 0
46 1 1 0 0 0 0 0 0 1 658 152 0
46 1 1 0 0 0 0 0 0 1 659 153 0
46 1 1 0 0 0 0 0 0 1 660 154 0
46 1 1 0 0 0 0 0 0 1 661 155 0
46 1 1 0 0 0 0 0 0 1 662 156 0
46 1 1 0 0 0 0 0 0 1 663 157 0
46 1 1 0 0 0 0 0 0 1 664 158 0
46 1 1 0 0 0 0 0 0 0 665 159 2
4 1 1 0 1 0 0 0 2 1 666 159 2
46 1 1 0 0 0 0 0 0 0 667 160 2
3 1 1 0 1 0 0 0 2 1 668 160 2
46 1 1 0 0 0 0 0 0 0 669 161 2
27 1 1 0 1 0 0 0 2 1 670 161 2
46 1 1 0 0 0 0 0 0 0 671 162 5
38 1 1 1 0 0 1 0 5 1 672 162 5
46 1 1 0 0 0 0 0 0 0 673 163 7
38 1 1 0 0 1 1 0 7 1 674 163 7
46 1 1 0 0 0 0 0 0 0 675 164 6
38 1 1 0 1 0 1 0 6 1 676 164 6
46 1 1 0 0 0 0 0 0 1 677 165 0
46 1 1 0 0 0 0 0 0 1 678 166 0
46 1 1 0 0 0 0 0 0 1 679 167 0
46 1 1 0 0 0 0 0 0 1 680 168 0
46 1 1 0 0 0 0 0 0 1 681 169 0
46 1 1 0 0 0 0 0 0 1 682 170 0
46 1 1 0 0 0 0 0 0 1 683 171 0
46 1 1 0 0 0 0 0 0 1 684 172 0
46 1 1 0 0 0 0 0 0 1 685 173 0
46 1 1 0 0 0 0 0 0 1 686 174 0
46 1 1 0 0 0 0 0 0 1 687 175 0
46 1 1 0 0 0 0 0 0 1 688 176 0
46 1 1 0 0 0 0 0 0 1 689 177 0
46 1 1 0 0 0 0 0 0 0 690 178 1
9 1 1 1 0 0 0 0 1 1 691 178 1
46 1 1 0 0 0 0 0 0 1 692 179 0
46 1 1 0 0 0 0 0 0 1 693 180 0
46 1 1 0 0 0 0 0 0 1 694 181 0
46 1 1 0 0 0 0 0 0 1 695 182 0
46 1 1 0 0 0 0 0 0 1 696 183 0
